-45.318844 70.074409
-36.632233 78.162041
-26.810339 83.53627
-23.999998 84.446121
-21.24966 85.33654
-20.065367 84.152245
-18.534632 84.152245
-17.45224 85.234634
-17.45224 86.692772
-15.919065 87.426056
-8.137632 88.986649
0.0 88.986649
8.137632 88.986649
15.919065 87.426056
17.45224 86.692772
17.45224 85.234634
18.534632 84.152245
20.065367 84.152245
21.24966 85.33654
23.999996 84.446121
26.810339 83.53627
36.632233 78.162041
45.318844 70.074409
52.217037 60.967968
54.43631 57.161175
53.467628 56.19249
53.467628 54.600525
54.062309 54.005844
54.593315 53.474838
54.593315 49.943539
54.593609 45.275318
53.467918 44.149628
53.467926 42.557667
54.593609 41.43198
54.593609 41.43198
54.593609 39.088696
54.593609 39.088696
54.593613 30.019882
54.593609 25.476097
54.593609 25.476097
45.990158 11.621456
35.133434 0.51622
34.69215 0.064838
26.302492 -5.29047
23.999996 -6.393021
19.479517 -8.557652
18.437185 -9.199951
13.15876 -12.452587
7.42416 -15.451206
-7.42416 -15.451206
-13.15876 -12.452587
-18.436787 -9.200195
-19.479517 -8.557652
-24.000004 -6.393017
-26.302492 -5.29047
-33.484848 -0.964481
-34.91111 -0.105434
-45.990158 11.621456
-54.593609 25.476097
-54.593609 30.01988
-54.593609 39.088917
-54.593609 41.43198
-53.467926 42.557667
-53.467918 44.149628
-54.593609 45.275318
-54.593315 49.943539
-54.593315 53.474838
-54.062309 54.005844
-53.467628 54.600525
-53.467628 56.19249
-54.43631 57.161175
-52.217037 60.967968
-45.318844 70.074409
