9.060333 97.436157
-9.022639 97.2248
-20.400002 93.25901
-25.99132 91.310059
-33.131752 86.466095
-34.360718 84.258011
-36.601978 80.231155
-41.50378 71.424133
-42.798569 69.097786
-46.086273 59.848141
-51.211365 51.211349
-47.995415 44.387024
-47.533623 43.487434
-45.679562 39.875633
-43.058849 32.045177
-41.43644 28.739584
-41.437332 22.604658
-30.117125 10.951366
-25.909473 6.743711
-20.400002 1.234237
-20.21763 1.051864
-15.16768 -7.60352
-11.497187 -11.287406
-8.245639 -14.185156
0.056294 -15.403352
8.419465 -14.930014
11.748592 -11.76619
15.328057 -8.217253
20.389368 1.025219
20.399994 1.035982
26.037077 6.743711
30.192642 10.951356
34.867455 13.950547
35.903355 15.371569
37.348347 17.360914
44.22562 26.828505
45.235901 28.215498
46.276985 29.63468
50.628906 35.620628
51.037853 43.487434
51.451881 51.451859
49.059444 63.981586
40.106781 79.57254
39.290646 80.231155
26.051098 90.915337
20.399994 93.084152
9.060333 97.436157