15.780501 100.044472
20.999996 94.704842
51.595299 63.40535
57.461018 57.404625
60.702827 54.088207
60.702827 48.005451
60.702827 43.0
52.381416 27.133053
48.702374 20.117996
42.578228 9.14978
31.222704 -1.438084
22.049755 -10.326138
20.999996 -11.343292
18.833822 -13.442188
14.0 -18.12587
0.0 -18.12587
-14.0 -18.12587
-18.833822 -13.442184
-20.999998 -11.343288
-22.049749 -10.326141
-31.222704 -1.438084
-42.578228 9.149632
-48.702374 20.117996
-52.381416 27.133053
-60.702827 43.000004
-60.702827 43.364067
-60.702827 52.089607
-59.129745 54.610794
-57.415207 57.358704
-53.642471 63.405334
-41.550594 82.78521
-21.000002 95.345657
-13.312109 100.044464
15.780501 100.044472
