0.0 -16.945602
-8.844543 -16.945602
-18.999989 -12.967979
-21.941288 -11.815948
-22.635935 -11.543877
-22.498178 -10.755829
-22.515898 -10.857185
-23.798584 -8.364128
-33.033096 -1.146667
-35.616817 -0.28896
-36.368168 -0.563679
-44.952263 9.385296
-49.689976 15.98867
-55.464436 25.450489
-55.899998 27.410717
-56.696014 30.993155
-57.185749 33.199936
-59.156265 42.079216
-59.156265 53.538364
-59.156265 58.336525
-58.952019 58.867142
-57.733162 62.033649
-57.337524 63.061493
-55.900002 66.796074
-54.279572 71.005836
-45.63636 82.71125
-36.60001 88.903564
-35.0 90.0
-32.454414 88.945587
-29.908831 90.0
-28.305847 90.0
-18.999996 90.0
-15.07476 90.0
-13.400001 88.614357
-11.8 88.614365
-9.0 89.0
-7.0 87.600006
0.0 87.600006
7.0 87.600006
9.0 89.0
11.8 88.614365
13.400001 88.614357
15.07476 90.0
19.000002 90.0
28.305847 90.0
29.908831 90.0
32.454414 88.945587
35.0 90.0
36.60001 88.903564
45.63636 82.71125
54.279572 71.005836
55.900005 66.796066
57.337524 63.061493
57.733166 62.033638
58.952019 58.867142
59.156265 53.538364
59.156265 58.336525
59.156265 42.079216
57.185749 33.199924
56.696014 30.993155
55.899998 27.410717
55.464436 25.450489
49.689976 15.98867
47.370441 12.187973
44.952263 9.385296
36.368168 -0.563679
35.616817 -0.28896
33.033096 -1.146667
23.798584 -8.364128
22.498178 -10.755829
22.515898 -10.857193
21.941288 -11.815948
19.000002 -12.967972
8.844543 -16.945602
0.0 -16.945602