-11.07873 100.965599
-19.226702 97.999985
-24.574947 96.053391
-31.899958 93.387306
-48.873604 79.144745
-57.400002 64.373215
-57.399998 64.373215
-58.769833 62.000057
-59.952003 59.952003
-65.372314 50.567917
-57.39999 31.786308
-57.399994 31.786308
-55.92017 28.300066
-51.260662 17.322947
-31.210979 -2.726732
-24.574944 -9.362769
-24.574942 -9.362769
-23.937622 -10.000092
-11.161303 -22.776411
-3e-06 -22.776413
11.161301 -22.776411
23.937937 -9.999779
25.210892 -8.726827
25.210894 -8.726827
31.210981 -2.726736
51.260666 17.322937
55.92012 28.299917
57.400009 31.786322
57.400013 31.786322
65.372314 50.567905
59.952202 59.951996
58.7701 61.999897
57.400005 64.373474
57.400009 64.373474
48.873653 79.144691
31.900024 93.387276
25.210888 95.821922
19.22604 98.000237
11.078777 100.965599
2.4e-05 100.965599
-11.07873 100.965599