-25.836496 91.098289
-9.099104 97.413269
2.2e-05 97.413292
9.098976 97.413269
25.836496 91.098289
37.982422 80.929222
39.583942 79.588364
43.333328 73.160484
48.55695 64.2052
51.568512 51.483727
52.34671 47.246185
52.421349 46.83976
48.370972 29.405634
43.333328 17.630711
41.593113 13.563156
40.179646 10.259338
34.425842 5.564518
24.413452 -4.636768
7.969999 -17.117844
6.543416 -18.039738
0.0 -18.039715
-0.000185 -18.039738
-6.54341 -18.039738
-7.969995 -17.117844
-24.413454 -4.636768
-39.104401 13.563156
-43.333336 17.63073
-48.370972 29.405634
-52.421349 46.83976
-52.34671 47.246185
-51.568512 51.483723
-48.55695 64.2052
-43.333336 73.160469
-39.583942 79.588364
-37.982422 80.929222
-25.836496 91.098289