-1e-06 93.335373
-8.601567 93.335373
-25.218513 88.882858
-26.0 88.431671
-40.116859 80.281296
-52.281311 68.116852
-58.108585 58.023716
-59.010868 56.206242
-60.471951 53.263168
-56.948853 41.505711
-54.876137 35.968655
-52.730553 30.391903
-50.18092 25.104645
-47.381542 19.842564
-43.802803 15.16597
-39.984207 10.62719
-37.81702 8.337189
-36.583256 7.033508
-35.118877 5.07338
-33.86026 1.831406
-26.0 -5.730652
-24.625738 -7.05278
-20.840603 -8.095245
-20.245953 -8.480499
-14.536058 -11.090805
-8.643948 -13.243553
-0.0 -13.784721
8.643951 -13.243553
14.536057 -11.090805
20.245953 -8.480499
21.326878 -7.822098
24.625738 -7.05278
25.999996 -5.730659
33.86026 1.831406
35.038319 4.961044
36.583256 7.033508
38.226151 8.337189
40.548824 10.180294
44.170906 14.896507
47.381542 19.842564
50.18092 25.104645
52.730553 30.391903
54.876137 35.968655
56.948853 41.505711
58.68214 47.090008
60.476513 53.272625
59.0144 56.206245
58.108582 58.023708
57.380169 59.285351
52.2813 68.116844
40.116856 80.281303
25.999998 88.431671
25.21851 88.882866
8.601562 93.335373
-1e-06 93.335373